5000
3000
100
3
6
1e-9
20000
0 2500 7500 12500 17500 20000
0 1500 3000 
0 0 0 0 0 0
0 0 0 0 0 0 
1 1 1 
0 0 0 
160 30 30 30 30 30 
160 30 30 30 30 30
160 30 30 30 30 30
3. 3. 3. 6. 6. 6.
3. 3. 3. 6. 6. 6.
3. 3. 3. 6. 6. 6.
3. 3. 3. 6. 6. 6.
3. 3. 3. 6. 6. 6.
3. 3. 3. 6. 6. 6.
0.000 0.000 0.000 0.000 0.000 0.000 
0.000 -1.64e4 -1.23e4 -1.23e4 -8.2e3 0.000
0.000 0.000 0.000 0.000 0.000 0.000


10980. 10980. 10980. 10980. 10980. 10980.
10980. 10980. 10980. 21960. 21960. 10980.
10980. 10980. 10980. 10980. 10980. 10980.
10980. 10980. 10980. 10980. 10980. 10980.
10980. 10980. 10980. 21960. 21960. 10980.
10980. 10980. 10980. 10980. 10980. 10980.