         1         0
         1         1     
        18  200.0   (10G10.3)                    0      RECH1-  1
  .100E-02  .100E-02  .100E-02  .100E-02  .100E-02  .100E-02  .100E-02  .100E-02  .100E-02  .100E-02
  .100E-02
  .100E-02  .100E-02  .100E-02  .100E-02  .100E-02  .100E-02  .100E-02  .100E-02  .100E-02  .100E-02
  .100E-02
  .100E-02  .100E-02  .100E-02  .100E-02  .100E-02  .100E-02  .100E-02  .100E-02  .100E-02  .100E-02
  .100E-02
  .100E-02  .100E-02  .100E-02  .100E-02  .100E-02  .100E-02  .100E-02  .100E-02  .100E-02  .100E-02
  .100E-02
  .100E-02  .100E-02  .100E-02  .100E-02  .100E-02  .100E-02  .100E-02  .100E-02  .100E-02  .100E-02
  .100E-02
  .100E-02  .100E-02  .100E-02  .100E-02  .100E-02  .100E-02  .100E-02  .100E-02  .100E-02  .100E-02
  .100E-02
  .100E-02  .100E-02  .100E-02  .100E-02  .100E-02  .100E-02  .100E-02  .100E-02  .100E-02  .100E-02
  .100E-02
  .100E-02  .100E-02  .100E-02  .100E-02  .100E-02  .100E-02  .100E-02  .100E-02  .100E-02  .100E-02
  .100E-02
  .100E-02  .100E-02  .100E-02  .100E-02  .100E-02  .100E-02  .100E-02  .100E-02  .100E-02  .100E-02
  .100E-02
  .100E-02  .100E-02  .100E-02  .100E-02  .100E-02  .100E-02  .100E-02  .100E-02  .100E-02  .100E-02
  .100E-02
  .100E-02  .100E-02  .100E-02  .100E-02  .100E-02  .100E-02  .100E-02  .100E-02  .100E-02  .100E-02
  .100E-02
         1         1     
        18  200.0   (10G10.3)                    0      RECH1-  1
  .100E-02  .100E-02  .100E-02  .100E-02  .100E-02  .100E-02  .100E-02  .100E-02  .100E-02  .100E-02
  .100E-02
  .100E-02  .100E-02  .100E-02  .100E-02  .100E-02  .100E-02  .100E-02  .100E-02  .100E-02  .100E-02
  .100E-02
  .100E-02  .100E-02  .100E-02  .100E-02  .100E-02  .100E-02  .100E-02  .100E-02  .100E-02  .100E-02
  .100E-02
  .100E-02  .100E-02  .100E-02  .100E-02  .100E-02  .100E-02  .100E-02  .100E-02  .100E-02  .100E-02
  .100E-02
  .100E-02  .100E-02  .100E-02  .100E-02  .100E-02  .100E-02  .100E-02  .100E-02  .100E-02  .100E-02
  .100E-02
  .100E-02  .100E-02  .100E-02  .100E-02  .100E-02  .100E-02  .100E-02  .100E-02  .100E-02  .100E-02
  .100E-02
  .100E-02  .100E-02  .100E-02  .100E-02  .100E-02  .100E-02  .100E-02  .100E-02  .100E-02  .100E-02
  .100E-02
  .100E-02  .100E-02  .100E-02  .100E-02  .100E-02  .100E-02  .100E-02  .100E-02  .100E-02  .100E-02
  .100E-02
  .100E-02  .100E-02  .100E-02  .100E-02  .100E-02  .100E-02  .100E-02  .100E-02  .100E-02  .100E-02
  .100E-02
  .100E-02  .100E-02  .100E-02  .100E-02  .100E-02  .100E-02  .100E-02  .100E-02  .100E-02  .100E-02
  .100E-02
  .100E-02  .100E-02  .100E-02  .100E-02  .100E-02  .100E-02  .100E-02  .100E-02  .100E-02  .100E-02
  .100E-02