OBLEO AQUIFER EXAMPLE PROBLEM 1:UNCONFINED AQUIFER:TRANSIENT
11ROWS;11COLUMNS;1LAYERS;1 WELLS                                                            
         1        11        11         2         5
 11 12  0  0  0  0  0 18 19  0  0  0  0  0  0  0  0  0  0  0  0  0  0  0
         0         0
         1         1(20I3)                       3   IBOUND-  1
 -1  1  1  1  1  1  1  1  1  1 -1
 -1  1  1  1  1  1  1  1  1  1 -1
 -1  1  1  1  1  1  1  1  1  1 -1
 -1  1  1  1  1  1  1  1  1  1 -1
 -1  1  1  1  1  1  1  1  1  1 -1
 -1  1  1  1  1  1  1  1  1  1 -1
 -1  1  1  1  1  1  1  1  1  1 -1
 -1  1  1  1  1  1  1  1  1  1 -1
 -1  1  1  1  1  1  1  1  1  1 -1
 -1  1  1  1  1  1  1  1  1  1 -1
 -1  1  1  1  1  1  1  1  1  1 -1
  999.    
         1  1.00    (10G10.3)                    0    SHEAD-  1
  900.      100.      100.      100.      100.      100.      100.      100.      100.      100.    
  900.    
  900.      100.      100.      100.      100.      100.      100.      100.      100.      100.    
  900.    
  900.      100.      100.      100.      100.      100.      100.      100.      100.      100.    
  900.    
  900.      100.      100.      100.      100.      100.      100.      100.      100.      100.    
  900.    
  900.      100.      100.      100.      100.      100.      100.      100.      100.      100.    
  900.    
  900.      100.      100.      100.      100.      100.      100.      100.      100.      100.    
  900.    
  900.      100.      100.      100.      100.      100.      100.      100.      100.      100.    
  900.    
  900.      100.      100.      100.      100.      100.      100.      100.      100.      100.    
  900.    
  900.      100.      100.      100.      100.      100.      100.      100.      100.      100.    
  900.    
  900.      100.      100.      100.      100.      100.      100.      100.      100.      100.    
  900.    
  900.      100.      100.      100.      100.      100.      100.      100.      100.      100.    
  900.    
   30.            30  1.00    
   30.            30  1.00  