5000
3000
100
3
6
1e-6
1000
0 2500 7500 12500 17500 20000
0 1500 3000 
0 0 0 0 0 0
0 0 0 0 0 0 
1 1 1 
0 0 0 
160 160 160 160 160 160 
160 160 160 160 160 160
160 160 160 160 160 160
1095 1095 1095 2190 2190 2190
1095 1095 1095 2190 2190 2190
1095 1095 1095 2190 2190 2190
1095 1095 1095 2190 2190 2190
1095 1095 1095 2190 2190 2190
1095 1095 1095 2190 2190 2190
0.000 0.000 0.000 0.000 0.000 0.000 
0.000 6.00e6 4.50e6 4.50e6 3.00e6 0.000
0.000 0.000 0.000 0.000 0.000 0.000
0.000 0.000 0.000 0.000 0.000 0.000 
0.000 0.00e6 0.000e6 0.00e6 0.00e6 0.000
0.000 0.000 0.000 0.000 0.000 0.000


3. 3. 3. 6. 6. 6.
3. 3. 3. 6. 6. 6.
3. 3. 3. 6. 6. 6.
3. 3. 3. 6. 6. 6.
3. 3. 3. 6. 6. 6.
3. 3. 3. 6. 6. 6.