1000
1000
10
1
10
10
1e-4
100
10950
1825
0 1000 2000 3000 4000 5000 6000 7000 8000 9000
0 1000 2000 3000 4000 5000 6000 7000 8000 9000
1 1 1 1 1 1 1 1 1 1
1 1 1 1 1 1 1 1 1 1
0 0 0 0 0 0 0 0 0 0
0 0 0 0 0 0 0 0 0 0
20 20 20 20 20 20 20 20 20 20
21.33491 21.33491 21.33491 21.33491 21.33491 21.33491 21.33491 21.33491 21.33491 21.33491
23.18453 23.18453 23.18453 23.18453 23.18453 23.18453 23.18453 23.18453 23.18453 23.18453
29.33826 29.33826 29.33826 29.33826 29.33826 29.33826 29.33826 29.33826 29.33826 29.33826
32.70564 32.70564 32.70564 32.70564 32.70564 32.70564 32.70564 32.70564 32.70564 32.70564
34.12182 34.12182 34.12182 34.12182 34.12182 34.12182 34.12182 34.12182 34.12182 34.12182
33.83271 33.83271 33.83271 33.83271 33.83271 33.83271 33.83271 33.83271 33.83271 33.83271
31.79183 31.79183 31.79183 31.79183 31.79183 31.79183 31.79183 31.79183 31.79183 31.79183
27.61346 27.61346 27.61346 27.61346 27.61346 27.61346 27.61346 27.61346 27.61346 27.61346
20 20 20 20 20 20 20 20 20 20
500 500 500 500 500 500 500 500 500 500
500 500 500 500 500 500 500 500 500 500
50 50 50 50 50 50 50 50 50 50
50 50 50 50 50 50 50 50 50 50
50 50 50 50 50 50 50 50 50 50
50 50 50 50 50 50 50 50 50 50
50 50 50 50 50 50 50 50 50 50
50 50 50 50 50 50 50 50 50 50
50 50 50 50 50 50 50 50 50 50
50 50 50 50 50 50 50 50 50 50
500 500 500 500 500 500 500 500 500 500
500 500 500 500 500 500 500 500 500 500
50 50 50 50 50 50 50 50 50 50
50 50 50 50 50 50 50 50 50 50
50 50 50 50 50 50 50 50 50 50
50 50 50 50 50 50 50 50 50 50
50 50 50 50 50 50 50 50 50 50
50 50 50 50 50 50 50 50 50 50
50 50 50 50 50 50 50 50 50 50
50 50 50 50 50 50 50 50 50 50
0.35 0.35 0.35 0.35 0.35 0.35 0.35 0.35 0.35 0.35
0.35 0.35 0.35 0.35 0.35 0.35 0.35 0.35 0.35 0.35
0.35 0.35 0.35 0.35 0.35 0.35 0.35 0.35 0.35 0.35
0.35 0.35 0.35 0.35 0.35 0.35 0.35 0.35 0.35 0.35
0.35 0.35 0.35 0.35 0.35 0.35 0.35 0.35 0.35 0.35
0.35 0.35 0.35 0.35 0.35 0.35 0.35 0.35 0.35 0.35
0.35 0.35 0.35 0.35 0.35 0.35 0.35 0.35 0.35 0.35
0.35 0.35 0.35 0.35 0.35 0.35 0.35 0.35 0.35 0.35
0.35 0.35 0.35 0.35 0.35 0.35 0.35 0.35 0.35 0.35
0.35 0.35 0.35 0.35 0.35 0.35 0.35 0.35 0.35 0.35
-10000 -10000 -10000 -10000 -10000 -10000 -10000 -10000 -10000 -10000
-10000 -10000 -10000 -10000 -10000 -10000 -10000 -10000 -10000 -10000
-10000 -10000 -10000 -10000 -10000 -10000 -10000 -10000 -10000 -10000
-10000 -10000 -10000 -10000 -10000 -10000 -10000 -10000 -10000 -10000
-10000 -10000 -10000 -10000 -10000 -10000 -10000 -10000 -10000 -10000
-10000 -10000 -10000 -10000 -10000 -10000 -10000 -10000 -10000 -10000
-10000 -10000 -10000 -10000 -10000 -10000 -10000 -10000 -10000 -10000
-10000 -10000 -10000 -10000 -10000 -10000 -10000 -10000 -10000 -10000
-10000 -10000 -10000 -10000 -10000 -10000 -10000 -10000 -10000 -10000
-10000 -10000 -10000 -10000 -10000 -10000 -10000 -10000 -10000 -10000

-1000 -1000 -1000 -1000 -1000 -1000 -1000 -1000 -1000 -1000
-1000 -1000 -1000 -1000 -1000 -1000 -1000 -1000 -1000 -1000
-1000 -1000 -1000 -1000 -1000 -1000 -1000 -1000 -1000 -1000
-1000 -1000 -1000 -1000 -1000 -1000 -1000 -1000 -1000 -1000
-1000 -1000 -1000 -1000 -1000 -1000 -1000 -1000 -1000 -1000
-1000 -1000 -1000 -1000 -1000 -1000 -1000 -1000 -1000 -1000
-1000 -1000 -1000 -1000 -1000 -1000 -1000 -1000 -1000 -1000
-1000 -1000 -1000 -1000 -1000 -1000 -1000 -1000 -1000 -1000
-1000 -1000 -1000 -1000 -1000 -1000 -1000 -1000 -1000 -1000
-1000 -1000 -1000 -1000 -1000 -1000 -1000 -1000 -1000 -1000