         0         0
 1
        11  1.00    (10G10.3)                    0     TRPY-  0
  1.00    
        11  1.00    (10G10.3)                    0     DELR-  0
  .100E+04  .100E+04  .100E+04  .100E+04  .100E+04  .100E+04  .100E+04  .100E+04  .100E+04  .100E+04
  .100E+04
        11  1.00    (10g10.3)                    0     DELC-  0
  .100E+04  .100E+04  .100E+04  .100E+04  .100E+04  .100E+04  .100E+04  .100E+04  .100E+04  .100E+04
  .100E+04
        11  300.    (10G10.3)                    0      SF1-  1
  .100E-02  .100E-02  .100E-02  .100E-02  .100E-02  .100E-02  .100E-02  .100E-02  .100E-02  .100E-02
  .100E-02
  .100E-02  .100E-02  .100E-02  .100E-02  .100E-02  .100E-02  .100E-02  .100E-02  .100E-02  .100E-02
  .100E-02
  .100E-02  .100E-02  .100E-02  .100E-02  .100E-02  .100E-02  .100E-02  .100E-02  .100E-02  .100E-02
  .100E-02
  .100E-02  .100E-02  .100E-02  .100E-02  .100E-02  .100E-02  .100E-02  .100E-02  .100E-02  .100E-02
  .100E-02
  .100E-02  .100E-02  .100E-02  .100E-02  .100E-02  .100E-02  .100E-02  .100E-02  .100E-02  .100E-02
  .100E-02
  .100E-02  .100E-02  .100E-02  .100E-02  .100E-02  .100E-02  .100E-02  .100E-02  .100E-02  .100E-02
  .100E-02
  .100E-02  .100E-02  .100E-02  .100E-02  .100E-02  .100E-02  .100E-02  .100E-02  .100E-02  .100E-02
  .100E-02
  .100E-02  .100E-02  .100E-02  .100E-02  .100E-02  .100E-02  .100E-02  .100E-02  .100E-02  .100E-02
  .100E-02
  .100E-02  .100E-02  .100E-02  .100E-02  .100E-02  .100E-02  .100E-02  .100E-02  .100E-02  .100E-02
  .100E-02
  .100E-02  .100E-02  .100E-02  .100E-02  .100E-02  .100E-02  .100E-02  .100E-02  .100E-02  .100E-02
  .100E-02
  .100E-02  .100E-02  .100E-02  .100E-02  .100E-02  .100E-02  .100E-02  .100E-02  .100E-02  .100E-02
  .100E-02
        11  3.65    (10G10.3)                    0     TRAN-  1
  .100E+04  .100E+04  .100E+04  .100E+04  .100E+04  .100E+04  .100E+04  .100E+04  .100E+04  .100E+04
  .100E+04
  .100E+04  .100E+04  .100E+04  .100E+04  .100E+04  .100E+04  .100E+04  .100E+04  .100E+04  .100E+04
  .100E+04
  .100E+04  .100E+04  .100E+04  .100E+04  .100E+04  .100E+04  .100E+04  .100E+04  .100E+04  .100E+04
  .100E+04
  .100E+04  .100E+04  .100E+04  .100E+04  .100E+04  .100E+04  .100E+04  .100E+04  .100E+04  .100E+04
  .100E+04
  .100E+04  .100E+04  .100E+04  .100E+04  .100E+04  .100E+04  .100E+04  .100E+04  .100E+04  .100E+04
  .100E+04
  .100E+04  .100E+04  .100E+04  .100E+04  .100E+04  .100E+04  .100E+04  .100E+04  .100E+04  .100E+04
  .100E+04
  .100E+04  .100E+04  .100E+04  .100E+04  .100E+04  .100E+04  .100E+04  .100E+04  .100E+04  .100E+04
  .100E+04
  .100E+04  .100E+04  .100E+04  .100E+04  .100E+04  .100E+04  .100E+04  .100E+04  .100E+04  .100E+04
  .100E+04
  .100E+04  .100E+04  .100E+04  .100E+04  .100E+04  .100E+04  .100E+04  .100E+04  .100E+04  .100E+04
  .100E+04
  .100E+04  .100E+04  .100E+04  .100E+04  .100E+04  .100E+04  .100E+04  .100E+04  .100E+04  .100E+04
  .100E+04
  .100E+04  .100E+04  .100E+04  .100E+04  .100E+04  .100E+04  .100E+04  .100E+04  .100E+04  .100E+04
  .100E+04
        11  1.00    (10G10.3)                    0      BOT1-  1
  .000E+00  .000E+00  .000E+00  .000E+00  .000E+00  .000E+00  .000E+00  .000E+00  .000E+00  .000E+00
  .000E+00
  .000E+00  .000E+00  .000E+00  .000E+00  .000E+00  .000E+00  .000E+00  .000E+00  .000E+00  .000E+00
  .000E+00
  .000E+00  .000E+00  .000E+00  .000E+00  .000E+00  .000E+00  .000E+00  .000E+00  .000E+00  .000E+00
  .000E+00
  .000E+00  .000E+00  .000E+00  .000E+00  .000E+00  .000E+00  .000E+00  .000E+00  .000E+00  .000E+00
  .000E+00
  .000E+00  .000E+00  .000E+00  .000E+00  .000E+00  .000E+00  .000E+00  .000E+00  .000E+00  .000E+00
  .000E+00
  .000E+00  .000E+00  .000E+00  .000E+00  .000E+00  .000E+00  .000E+00  .000E+00  .000E+00  .000E+00
  .000E+00
  .000E+00  .000E+00  .000E+00  .000E+00  .000E+00  .000E+00  .000E+00  .000E+00  .000E+00  .000E+00
  .000E+00
  .000E+00  .000E+00  .000E+00  .000E+00  .000E+00  .000E+00  .000E+00  .000E+00  .000E+00  .000E+00
  .000E+00
  .000E+00  .000E+00  .000E+00  .000E+00  .000E+00  .000E+00  .000E+00  .000E+00  .000E+00  .000E+00
  .000E+00
  .000E+00  .000E+00  .000E+00  .000E+00  .000E+00  .000E+00  .000E+00  .000E+00  .000E+00  .000E+00
  .000E+00
  .000E+00  .000E+00  .000E+00  .000E+00  .000E+00  .000E+00  .000E+00  .000E+00  .000E+00  .000E+00
  .000E+00
